5 0.7765625 0.6984375 0.1078125 0.13828125
5 0.0078125 0.41171875 0.01484375 0.03671875
5 0.0078125 0.43671875 0.015625 0.0421875
5 0.00859375 0.2609375 0.0171875 0.03359375
5 0.009375 0.3265625 0.01875 0.06953125
5 0.0125 0.13203125 0.025 0.0421875
5 0.06328125 0.209375 0.1265625 0.2015625
5 0.07890625 0.5234375 0.1578125 0.2515625
5 0.17890625 0.55390625 0.215625 0.27890625
5 0.178125 0.3375 0.1796875 0.1765625
5 0.31328125 0.403125 0.20390625 0.23046875
5 0.3671875 0.60390625 0.2109375 0.28671875
5 0.409375 0.26953125 0.165625 0.2328125
5 0.49140625 0.38359375 0.17421875 0.20859375
5 0.52734375 0.65 0.21953125 0.29453125
5 0.6578125 0.30234375 0.26015625 0.27109375
5 0.62421875 0.44921875 0.19140625 0.26953125
5 0.7140625 0.0296875 0.18828125 0.059375
5 0.79453125 0.60234375 0.3078125 0.540625
5 0.92109375 0.6671875 0.15625 0.49453125