3 0.0625 0.9546875 0.059375 0.0890625
3 0.10234375 0.34609375 0.0453125 0.0703125
3 0.1109375 0.5515625 0.0625 0.0796875
3 0.1046875 0.94453125 0.04140625 0.07890625
3 0.1125 0.88046875 0.0578125 0.05859375
3 0.15703125 0.3796875 0.02578125 0.05
3 0.3015625 0.86875 0.0421875 0.06953125
3 0.32734375 0.12421875 0.04375 0.0625
3 0.48203125 0.60234375 0.05 0.06015625
3 0.5265625 0.90859375 0.059375 0.07109375
3 0.52890625 0.59765625 0.046875 0.06328125
3 0.53046875 0.2546875 0.04921875 0.08046875
3 0.5640625 0.9390625 0.0515625 0.06171875
3 0.571875 0.975 0.059375 0.0484375
3 0.5765625 0.17734375 0.0609375 0.07109375
3 0.58125 0.265625 0.0515625 0.08359375
3 0.6109375 0.8734375 0.0421875 0.05546875
3 0.64296875 0.72265625 0.04921875 0.07109375
3 0.6546875 0.8265625 0.05234375 0.0609375
3 0.6546875 0.890625 0.05 0.07421875
3 0.6765625 0.634375 0.0453125 0.034375
3 0.690625 0.734375 0.0484375 0.06796875
3 0.6984375 0.6609375 0.03125 0.053125
3 0.72109375 0.640625 0.0390625 0.0609375
3 0.725 0.51484375 0.046875 0.0640625
3 0.7625 0.46328125 0.04921875 0.0609375
3 0.75234375 0.51640625 0.0234375 0.0421875