4 0.1328125 0.128125 0.11953125 0.21015625
4 0.25 0.2484375 0.1890625 0.278125
4 0.30625 0.3 0.0609375 0.084375
4 0.3890625 0.38984375 0.2265625 0.16796875
4 0.48828125 0.8015625 0.12578125 0.3703125
4 0.65390625 0.26875 0.22734375 0.09375
4 0.66328125 0.5328125 0.2390625 0.08984375
4 0.66953125 0.50625 0.2296875 0.06796875
4 0.67109375 0.79453125 0.13203125 0.37578125
4 0.86328125 0.828125 0.1296875 0.32421875
4 0.91484375 0.24453125 0.16875 0.04609375
4 0.875 0.48125 0.0703125 0.05
4 0.953125 0.4953125 0.09296875 0.06640625