3 0.01328125 0.596875 0.0265625 0.16015625
3 0.04140625 0.23984375 0.078125 0.19765625
3 0.1703125 0.52578125 0.17421875 0.275
3 0.31796875 0.4203125 0.1015625 0.20625
3 0.4625 0.3203125 0.15703125 0.19453125
3 0.45859375 0.92109375 0.13046875 0.15703125
3 0.4734375 0.22109375 0.1078125 0.2234375
3 0.53046875 0.64296875 0.07421875 0.1390625
3 0.55625 0.94375 0.08203125 0.1109375
3 0.55703125 0.30859375 0.0609375 0.2140625
3 0.615625 0.35390625 0.10078125 0.18515625
3 0.66640625 0.425 0.10078125 0.16875
3 0.86328125 0.6734375 0.11484375 0.2578125
3 0.96796875 0.8125 0.06328125 0.1484375