1 0.1578125 0.86640625 0.315625 0.240625
1 0.2234375 0.59765625 0.3359375 0.203125
1 0.2703125 0.42890625 0.23203125 0.134375
1 0.2484375 0.315625 0.1703125 0.08515625
1 0.30078125 0.228125 0.1859375 0.07109375
1 0.32265625 0.16484375 0.17421875 0.06171875
1 0.33359375 0.02421875 0.128125 0.04140625
1 0.346875 0.0546875 0.14921875 0.0484375
1 0.35234375 0.1078125 0.15546875 0.05
1 0.35859375 0.0703125 0.12421875 0.04453125
1 0.540625 0.03984375 0.096875 0.040625
1 0.58359375 0.0078125 0.08359375 0.01484375
1 0.69765625 0.8734375 0.2953125 0.1875
1 0.671875 0.18203125 0.1359375 0.04296875
1 0.675 0.0109375 0.0875 0.021875
1 0.73203125 0.26640625 0.178125 0.07109375
1 0.76328125 0.0890625 0.13359375 0.0484375
1 0.82265625 0.3640625 0.24296875 0.1046875