3 0.07265625 0.971875 0.1453125 0.053125
3 0.0265625 0.66953125 0.0484375 0.0484375
3 0.1171875 0.1390625 0.1484375 0.13515625
3 0.14375 0.9515625 0.05 0.06640625
3 0.16328125 0.47890625 0.07109375 0.08515625
3 0.1890625 0.83359375 0.0875 0.1234375
3 0.253125 0.5421875 0.0515625 0.028125
3 0.25078125 0.49765625 0.03359375 0.05859375
3 0.54453125 0.66015625 0.39609375 0.496875
3 0.6359375 0.4078125 0.2984375 0.2984375
3 0.53671875 0.07890625 0.0921875 0.1578125
3 0.6203125 0.93203125 0.12265625 0.08984375