5 0.06875 0.57578125 0.0421875 0.0375
5 0.09453125 0.878125 0.08203125 0.08984375
5 0.1328125 0.4953125 0.04765625 0.0390625
5 0.20703125 0.62578125 0.06015625 0.05546875
5 0.39765625 0.33359375 0.10625 0.12734375
5 0.47265625 0.6140625 0.1359375 0.13046875
5 0.47890625 0.69375 0.14375 0.109375
5 0.53125 0.5078125 0.09140625 0.09453125
5 0.55703125 0.1765625 0.140625 0.15390625
5 0.559375 0.70234375 0.04375 0.06171875
5 0.61796875 0.7453125 0.071875 0.06171875
5 0.7 0.46171875 0.1 0.109375
5 0.75703125 0.70625 0.12265625 0.1375
5 0.79765625 0.4625 0.11796875 0.1046875
5 0.8890625 0.24765625 0.1046875 0.1