5 0.0109375 0.753125 0.021875 0.06015625
5 0.034375 0.5015625 0.06875 0.175
5 0.07578125 0.40625 0.0359375 0.040625
5 0.084375 0.2625 0.04765625 0.06328125
5 0.1140625 0.215625 0.07734375 0.0953125
5 0.153125 0.70859375 0.0578125 0.06015625
5 0.1734375 0.1984375 0.084375 0.12265625
5 0.21015625 0.39921875 0.0359375 0.0546875
5 0.23125 0.38046875 0.02578125 0.034375
5 0.2453125 0.659375 0.05234375 0.059375
5 0.2734375 0.178125 0.090625 0.1015625
5 0.2625 0.2296875 0.06640625 0.0671875
5 0.2703125 0.84375 0.0703125 0.1109375
5 0.2875 0.97734375 0.0953125 0.04296875
5 0.2890625 0.3859375 0.0796875 0.11640625
5 0.31875 0.65234375 0.0671875 0.07734375
5 0.30078125 0.59453125 0.0234375 0.02890625
5 0.3515625 0.7171875 0.0453125 0.0671875
5 0.42265625 0.79921875 0.11015625 0.16171875
5 0.41484375 0.5140625 0.06328125 0.07421875
5 0.41640625 0.58046875 0.05703125 0.05703125
5 0.42578125 0.10234375 0.0640625 0.07734375
5 0.4234375 0.69609375 0.04375 0.0515625
5 0.43359375 0.509375 0.0484375 0.0890625
5 0.44453125 0.63203125 0.0296875 0.0375
5 0.4640625 0.19296875 0.06796875 0.0890625
5 0.45234375 0.3828125 0.0421875 0.0671875
5 0.51171875 0.5765625 0.08359375 0.10703125
5 0.50625 0.3125 0.0484375 0.06640625
5 0.51875 0.6328125 0.0390625 0.046875
5 0.52734375 0.3796875 0.03203125 0.0421875
5 0.5453125 0.30078125 0.034375 0.05390625
5 0.54140625 0.35078125 0.021875 0.04609375
5 0.59375 0.7234375 0.11640625 0.15859375
5 0.6140625 0.44921875 0.1265625 0.140625
5 0.60625 0.20625 0.05703125 0.07578125
5 0.615625 0.334375 0.04140625 0.07109375
5 0.74765625 0.50546875 0.06484375 0.09765625
5 0.78828125 0.55859375 0.0640625 0.0671875
5 0.83203125 0.01484375 0.0421875 0.02890625
5 0.846875 0.496875 0.04609375 0.07421875
5 0.90859375 0.059375 0.06796875 0.07734375
5 0.934375 0.15859375 0.0765625 0.103125