3 0.0671875 0.3578125 0.0546875 0.05
3 0.08125 0.44296875 0.0578125 0.05859375
3 0.14375 0.38125 0.103125 0.1203125
3 0.1765625 0.56328125 0.1015625 0.12734375
3 0.18359375 0.30625 0.05390625 0.05703125
3 0.2265625 0.51796875 0.059375 0.0984375
3 0.26875 0.346875 0.07265625 0.065625
3 0.31875 0.51484375 0.1296875 0.15
3 0.34375 0.6015625 0.11875 0.16171875
3 0.3265625 0.41875 0.06875 0.065625
3 0.40078125 0.565625 0.0875 0.12578125
3 0.5 0.415625 0.21328125 0.12421875
3 0.65390625 0.46171875 0.40703125 0.203125
3 0.51171875 0.48984375 0.1203125 0.12734375
3 0.6375 0.70546875 0.1015625 0.134375
3 0.75 0.68203125 0.1265625 0.16484375
3 0.84609375 0.6203125 0.15625 0.2171875