5 0.29296875 0.2765625 0.184375 0.15859375
5 0.32578125 0.4984375 0.15 0.09453125
5 0.4046875 0.6265625 0.11640625 0.08046875
5 0.46875 0.421875 0.1890625 0.1453125
5 0.478125 0.57734375 0.20703125 0.15546875
5 0.47421875 0.75703125 0.16875 0.15078125
5 0.5203125 0.3328125 0.16484375 0.11796875
5 0.9265625 0.94296875 0.1453125 0.1125
5 0.90859375 0.13984375 0.04609375 0.0359375
5 0.9203125 0.03828125 0.03828125 0.0375
5 0.9125 0.22734375 0.0140625 0.0234375
5 0.95625 0.05234375 0.040625 0.04609375