5 0.10546875 0.765625 0.10390625 0.16171875
5 0.08515625 0.56484375 0.03515625 0.0546875
5 0.146875 0.66015625 0.090625 0.140625
5 0.19296875 0.27734375 0.034375 0.05
5 0.26015625 0.26015625 0.0734375 0.10703125
5 0.39375 0.178125 0.10390625 0.14140625
5 0.4296875 0.0609375 0.0875 0.121875
5 0.49453125 0.4734375 0.1390625 0.19453125
5 0.47421875 0.70234375 0.0765625 0.134375
5 0.534375 0.08828125 0.05703125 0.134375
5 0.6453125 0.62578125 0.0765625 0.12890625
5 0.9046875 0.44765625 0.04609375 0.1140625
5 0.9484375 0.21171875 0.1015625 0.15078125