2 0.0234375 0.67265625 0.046875 0.12265625
2 0.10390625 0.459375 0.05546875 0.0640625
2 0.1046875 0.565625 0.04453125 0.0859375
2 0.18125 0.67734375 0.0609375 0.096875
2 0.3890625 0.6421875 0.07109375 0.109375
2 0.42421875 0.4609375 0.05234375 0.07734375
2 0.58828125 0.70234375 0.06796875 0.1328125
2 0.61328125 0.48359375 0.0453125 0.09453125
2 0.75625 0.68046875 0.0578125 0.11328125
2 0.79453125 0.51484375 0.04140625 0.08046875
2 0.88046875 0.45859375 0.03515625 0.0890625
2 0.965625 0.74765625 0.06796875 0.2140625