5 0.01796875 0.7125 0.0359375 0.0421875
5 0.02578125 0.62421875 0.0515625 0.12265625
5 0.11953125 0.27421875 0.2390625 0.20390625
5 0.14140625 0.6453125 0.2421875 0.32265625
5 0.07265625 0.69296875 0.071875 0.08046875
5 0.1828125 0.18125 0.01796875 0.05625
5 0.25 0.5265625 0.13046875 0.17265625
5 0.278125 0.25078125 0.18046875 0.159375
5 0.33359375 0.68671875 0.20859375 0.309375
5 0.65234375 0.53203125 0.69453125 0.41875
5 0.4203125 0.2296875 0.18515625 0.15390625
5 0.534375 0.1953125 0.1609375 0.13046875