3 0.1 0.2140625 0.13203125 0.19765625
3 0.10546875 0.0421875 0.1265625 0.084375
3 0.27734375 0.03203125 0.1046875 0.0640625
3 0.2859375 0.18984375 0.121875 0.18984375
3 0.296875 0.4375 0.134375 0.19765625
3 0.46796875 0.1671875 0.1296875 0.2
3 0.4578125 0.021875 0.09140625 0.04375
3 0.48203125 0.4046875 0.1265625 0.2015625
3 0.48984375 0.66015625 0.1390625 0.2
3 0.6515625 0.14765625 0.12578125 0.18828125
3 0.671875 0.38515625 0.13671875 0.18828125
3 0.6453125 0.00859375 0.059375 0.0171875
3 0.68671875 0.63671875 0.1234375 0.18515625
3 0.83359375 0.12109375 0.128125 0.18125
3 0.853125 0.35859375 0.140625 0.19765625
3 0.97421875 0.1140625 0.05078125 0.178125