5 0.16171875 0.79453125 0.3234375 0.40859375
5 0.1625 0.79453125 0.32421875 0.40859375
5 0.165625 0.24765625 0.33125 0.4953125
5 0.16875 0.2546875 0.3375 0.509375
5 0.46796875 0.59921875 0.40234375 0.578125
5 0.4703125 0.59765625 0.4 0.578125
5 0.4875 0.11640625 0.41328125 0.2328125
5 0.49140625 0.121875 0.41484375 0.24375
5 0.41875 0.9703125 0.21953125 0.05703125
5 0.4171875 0.975 0.20859375 0.0484375
5 0.79765625 0.33515625 0.40234375 0.56640625
5 0.79921875 0.33671875 0.39921875 0.571875
5 0.80078125 0.82578125 0.39609375 0.34609375
5 0.80078125 0.8296875 0.39609375 0.33828125