5 0.08046875 0.64609375 0.159375 0.22890625
5 0.14609375 0.39609375 0.1328125 0.19296875
5 0.1953125 0.171875 0.140625 0.159375
5 0.2375 0.51796875 0.16328125 0.23046875
5 0.29765625 0.2734375 0.1390625 0.1890625
5 0.35859375 0.6703125 0.1734375 0.2328125
5 0.39609375 0.40625 0.15 0.1890625
5 0.43515625 0.1796875 0.1421875 0.1703125
5 0.7 0.38984375 0.1578125 0.228125
5 0.71015625 0.14140625 0.15234375 0.1921875
5 0.8453125 0.540625 0.17734375 0.26171875
5 0.84375 0.2640625 0.15625 0.21796875
5 0.95 0.15859375 0.09921875 0.18984375
5 0.96015625 0.42421875 0.07890625 0.21484375