2 0.0875 0.4359375 0.01484375 0.02734375
2 0.090625 0.4140625 0.0140625 0.025
2 0.184375 0.39375 0.01328125 0.0234375
2 0.22578125 0.40546875 0.01328125 0.02265625
2 0.2296875 0.46953125 0.015625 0.02890625
2 0.25 0.46171875 0.0203125 0.03984375
2 0.28203125 0.48515625 0.01796875 0.0328125
2 0.31484375 0.4875 0.021875 0.03828125
2 0.32578125 0.4140625 0.015625 0.025
2 0.35546875 0.49453125 0.02109375 0.03671875
2 0.38203125 0.5 0.02890625 0.034375
2 0.3828125 0.34375 0.0140625 0.02734375
2 0.4015625 0.35703125 0.01015625 0.01953125
2 0.4078125 0.4375 0.02109375 0.02109375
2 0.43046875 0.35078125 0.0125 0.02109375
2 0.44140625 0.421875 0.021875 0.03828125
2 0.446875 0.53203125 0.0296875 0.0578125
2 0.453125 0.38203125 0.0109375 0.02265625
2 0.48125 0.434375 0.01640625 0.03828125
2 0.49296875 0.371875 0.0125 0.01953125
2 0.50859375 0.59921875 0.0265625 0.05078125
2 0.521875 0.3984375 0.015625 0.034375
2 0.53984375 0.45546875 0.0203125 0.05078125
2 0.5375 0.29765625 0.0140625 0.01875
2 0.546875 0.28125 0.01328125 0.01484375
2 0.56484375 0.6046875 0.03515625 0.06875
2 0.57734375 0.46328125 0.0296875 0.0421875
2 0.56953125 0.309375 0.0109375 0.015625
2 0.59296875 0.36953125 0.0171875 0.03828125
2 0.621875 0.39140625 0.01953125 0.03984375
2 0.6234375 0.32421875 0.0140625 0.02421875
2 0.6390625 0.29375 0.01015625 0.01484375
2 0.659375 0.6203125 0.034375 0.04921875
2 0.6609375 0.49375 0.03046875 0.05078125
2 0.6625 0.36484375 0.0171875 0.01875
2 0.6640625 0.40390625 0.0203125 0.04609375
2 0.67265625 0.3125 0.0109375 0.02109375
2 0.69765625 0.39765625 0.02421875 0.03984375
2 0.7 0.3046875 0.01484375 0.025
2 0.7046875 0.33125 0.0171875 0.028125
2 0.73359375 0.5 0.028125 0.04921875
2 0.7296875 0.29140625 0.0125 0.0203125
2 0.73125 0.34375 0.01640625 0.02734375
2 0.771875 0.50859375 0.021875 0.04765625
2 0.784375 0.67265625 0.0453125 0.08046875
2 0.77734375 0.36953125 0.0265625 0.04609375
2 0.79453125 0.30703125 0.01796875 0.02109375
2 0.80546875 0.434375 0.0234375 0.059375
2 0.8265625 0.3703125 0.021875 0.03828125
2 0.825 0.26484375 0.01328125 0.02890625
2 0.840625 0.309375 0.015625 0.03046875
2 0.86796875 0.42890625 0.0296875 0.04609375
2 0.87421875 0.32734375 0.01796875 0.0421875
2 0.878125 0.28125 0.0171875 0.025
2 0.909375 0.3640625 0.028125 0.04609375
2 0.90703125 0.28125 0.015625 0.0234375
2 0.92265625 0.25703125 0.0171875 0.0328125
2 0.96484375 0.45625 0.0390625 0.0640625
2 0.978125 0.384375 0.02578125 0.03984375
2 0.97578125 0.28515625 0.01953125 0.03046875